0
0
0
0
0
0
0
0
0
0
0
0
-0.002649784
0.0002150536
-0.0009123087
-0.002649784
0.0002150536
-0.0009123087
-0.002649784
0.0002150536
-0.0009123087
-0.002649784
0.0002150536
-0.0009123087
-0.005424559
0.001147985
-0.001758814
-0.005424559
0.001147985
-0.001758814
-0.005424559
0.001147985
-0.001758814
-0.005424559
0.001147985
-0.001758814
-0.006420314
0.002909184
-0.002956986
-0.006420314
0.002909184
-0.002956986
-0.006420314
0.002909184
-0.002956986
-0.006420314
0.002909184
-0.002956986
-0.009607255
0.004227877
-0.003866792
-0.009607255
0.004227877
-0.003866792
-0.009607255
0.004227877
-0.003866792
-0.009607255
0.004227877
-0.003866792
-0.01430804
0.00556612
-0.005810857
-0.01430804
0.00556612
-0.005810857
-0.01430804
0.00556612
-0.005810857
-0.01430804
0.00556612
-0.005810857
-0.02143312
0.005284309
-0.008457661
-0.02143312
0.005284309
-0.008457661
-0.02143312
0.005284309
-0.008457661
-0.02143312
0.005284309
-0.008457661
-0.02978331
0.005101681
-0.01085114
-0.02978331
0.005101681
-0.01085114
-0.02978331
0.005101681
-0.01085114
-0.02978331
0.005101681
-0.01085114
-0.03740227
0.004588246
-0.01339436
-0.03740227
0.004588246
-0.01339436
-0.03740227
0.004588246
-0.01339436
-0.03740227
0.004588246
-0.01339436
-0.04748863
0.003476143
-0.01769853
-0.04748863
0.003476143
-0.01769853
-0.04748863
0.003476143
-0.01769853
-0.04748863
0.003476143
-0.01769853
-0.057621
0.001468658
-0.02240932
-0.057621
0.001468658
-0.02240932
-0.057621
0.001468658
-0.02240932
-0.057621
0.001468658
-0.02240932
-0.06765217
-0.002684236
-0.02650166
-0.06765217
-0.002684236
-0.02650166
-0.06765217
-0.002684236
-0.02650166
-0.07820809
-0.009355545
-0.03025758
-0.07820809
-0.009355545
-0.03025758
-0.07494819
-0.009352088
-0.02857101
-0.07494819
-0.009352088
-0.02857101
-0.088516
-0.02015567
-0.03410101
-0.088516
-0.02015567
-0.03410101
-0.1022394
-0.0355103
-0.03818977
-0.1022394
-0.0355103
-0.03818977
-0.1115018
-0.0489912
-0.0407629
-0.1115018
-0.0489912
-0.0407629
-0.1195218
-0.06430817
-0.0436424
-0.1195218
-0.06430817
-0.0436424
-0.1246679
-0.07912302
-0.04593289
-0.1246679
-0.07912302
-0.04593289
-0.1296012
-0.09635437
-0.04744399
-0.1296012
-0.09635437
-0.04744399
-0.1351308
-0.1213282
-0.04843938
-0.1351308
-0.1213282
-0.04843938
-0.1356929
-0.1418607
-0.04760981
-0.1356929
-0.1418607
-0.04760981
-0.1358919
-0.1544507
-0.04760826
-0.1358919
-0.1544507
-0.04760826
-0.1336495
-0.1732427
-0.04533684
-0.1336495
-0.1732427
-0.04533684
-0.1275882
-0.2081956
-0.04059124
-0.1275882
-0.2081956
-0.04059124
-0.1239637
-0.2130158
-0.03880167
-0.1239637
-0.2130158
-0.03880167
-0.1154943
-0.2279642
-0.03526855
-0.1154943
-0.2279642
-0.03526855
-0.1056423
-0.2423742
-0.03098047
-0.1056423
-0.2423742
-0.03098047
-0.09685248
-0.2508011
-0.02821577
-0.09685248
-0.2508011
-0.02821577
-0.08443284
-0.2622105
-0.02405131
-0.08443284
-0.2622105
-0.02405131
-0.0650053
-0.2742298
-0.01868165
-0.0650053
-0.2742298
-0.01868165
-0.05793738
-0.2740614
-0.01733935
-0.05793738
-0.2740614
-0.01733935
-0.04665709
-0.2762764
-0.01502168
-0.04665709
-0.2762764
-0.01502168
-0.02974784
-0.2785087
-0.01221383
-0.02974784
-0.2785087
-0.01221383
0.01074374
-0.2790164
-0.005998969
0.01074374
-0.2790164
-0.005998969
0.0334447
-0.2708206
-0.003191352
0.0334447
-0.2708206
-0.003191352
0.05390114
-0.2545705
-0.001610875
0.05390114
-0.2545705
-0.001610875
0.06739181
-0.2367268
-0.000972867
0.06739181
-0.2367268
-0.000972867
0.07989579
-0.2152236
-0.002044439
0.07989579
-0.2152236
-0.002044439
0.09171981
-0.1924946
-0.001709223
0.09171981
-0.1924946
-0.001709223
0.09684926
-0.1803384
-0.001221538
0.09684926
-0.1803384
-0.001221538
0.1052725
-0.1557777
-0.001737595
0.1052725
-0.1557777
-0.001737595
0.1069688
-0.1423094
-0.002794147
0.1069688
-0.1423094
-0.002794147
0.107563
-0.1163563
-0.00486505
0.107563
-0.1163563
-0.00486505
0.1056116
-0.1035409
-0.007375121
0.1056116
-0.1035409
-0.007375121
0.1028799
-0.07930124
-0.01091194
0.1028799
-0.07930124
-0.01091194
0.09953493
-0.06890583
-0.01343107
0.09953493
-0.06890583
-0.01343107
0.09114236
-0.04836702
-0.01829588
0.09114236
-0.04836702
-0.01829588
0.08581227
-0.03921294
-0.02113187
0.08581227
-0.03921294
-0.02113187
0.07409483
-0.0284512
-0.02609086
0.07409483
-0.0284512
-0.02609086
0.06678635
-0.02219605
-0.02898633
0.06678635
-0.02219605
-0.02898633
0.0581277
-0.01591015
-0.03235734
0.0581277
-0.01591015
-0.03235734
0.04428464
-0.007476687
-0.03705466
0.04428464
-0.007476687
-0.03705466
0.03443366
-0.003045082
-0.03989077
0.03443366
-0.003045082
-0.03989077
0.02026176
0.00235045
-0.04479849
0.02026176
0.00235045
-0.04479849
0.0004467368
0.007520199
-0.04984331
0.0004467368
0.007520199
-0.04984331
-0.01400095
0.008491516
-0.05465496
-0.01400095
0.008491516
-0.05465496
-0.03342414
0.007036567
-0.06072855
-0.03342414
0.007036567
-0.06072855
-0.05088848
0.0007122755
-0.06369436
-0.05088848
0.0007122755
-0.06369436
-0.06980616
-0.0105629
-0.06597769
-0.06980616
-0.0105629
-0.06597769
-0.07106698
-0.01502252
-0.06476581
-0.07106698
-0.01502252
-0.06476581
-0.07225394
-0.01676428
-0.0647155
-0.07225394
-0.01676428
-0.0647155
-0.07214838
-0.01597166
-0.06379664
-0.07214838
-0.01597166
-0.06379664
-0.07080859
-0.01457238
-0.06197667
